15,13
14,4
0,310
0,305
0,308
0,304
0,303
0,302
0,307
0,12
0,321
0,10
0,8
16,347
16,346
16,337
16,291
16,163
16,80
16,9
16,8
16,13
16,7
16,6
16,5
16,4
16,3
16,2
16,1
16,0
15,1029
15,1028
15,1027
15,1025
15,1024
15,89
15,52
15,48
15,47
15,45
15,15
15,14
15,5
15,3
15,2
15,1
15,0
14,164
14,163
14,162
14,161
14,160
14,159
14,158
14,157
14,156
14,155
14,154
14,153
14,152
14,151
14,150
14,149
14,148
14,147
14,145
14,144
14,143
14,142
14,141
14,140
14,138
14,108
14,107
14,106
14,105
14,104
14,103
14,102
14,101
14,100
14,99
14,98
14,96
14,95
14,94
14,92
14,93
14,91
14,82
14,81
14,80
14,79
14,78
14,77
14,76
14,75
14,74
14,73
14,72
14,71
14,70
14,69
14,68
14,67
14,64
14,7
14,6
14,5
14,3
14,2
14,1
14,0
6,5
6,4
6,3
2,6
2,5
1,3
0,445
0,440
0,434
0,427
0,419
0,418
0,417
0,411
0,408
0,402
0,396
0,394
0,391
0,385
0,376
0,322
0,317
0,312
0,243
0,0
0,1
0,401
0,300
0,327
0,299
0,359
0,298
0,392
0,297
0,350
0,296
0,381
0,295
0,362
0,294
0,393
0,293
0,342
0,292
0,430
0,291
0,389
0,290
0,386
0,289
0,352
0,288
0,326
0,287
0,356
0,286
0,400
0,285
0,329
0,284
0,324
0,283
0,426
0,282
0,281
0,346
0,280
0,384
0,279
0,425
2,1
2,2
2,7
2,8
2,12
3,0
3,2
3,4
3,5
4,0
4,1
4,3
5,1
5,2
5,4
5,5
6,0
6,1
7,0
7,2
7,3
7,5
8,0
8,2
8,4
8,5
9,1
9,2
9,4
9,5
10,1
10,3
10,4
11,1
11,2
11,4
12,0
12,1
12,3
12,4
12,6
12,8
12,9
13,1
13,2
13,4
14,65
14,83
14,85
14,86
14,88
14,89
14,97
14,110
14,111
14,113
14,114
14,116
14,117
14,119
14,121
14,122
14,124
14,125
14,127
14,129
14,130
14,132
14,133
14,135
14,136
14,139
14,165
14,166
14,168
14,169
14,171
15,4
15,6
15,27
15,28
15,30
15,32
15,33
15,35
15,36
15,38
15,39
15,44
15,49
15,64
15,66
15,67
15,69
15,71
15,72
15,74
15,77
15,79
15,80
15,82
15,84
15,85
15,92
15,93
15,95
15,97
15,98
15,100
15,101
15,103
15,104
15,106
15,108
15,109
15,111
15,112
15,114
15,116
15,117
15,119
15,120
15,122
15,123
15,125
15,127
15,128
15,130
15,131
15,133
15,135
15,136
15,138
15,139
15,141
15,143
15,144
15,146
15,147
15,149
15,150
15,152
15,154
15,155
15,157
15,158
15,160
15,162
15,163
15,165
15,166
15,168
15,169
15,171
15,173
15,174
15,176
15,177
15,179
15,181
15,182
15,184
15,185
15,187
15,188
15,190
15,192
15,193
15,195
15,196
15,198
15,200
15,201
15,203
15,204
15,206
15,208
15,209
15,211
15,212
15,214
15,215
15,217
15,219
15,220
15,222
15,223
15,225
15,227
15,228
15,230
15,231
15,233
15,234
15,236
15,238
15,239
15,241
15,242
15,244
15,246
15,247
15,249
15,250
15,252
15,253
15,255
15,257
15,258
15,260
15,261
15,263
15,265
15,266
15,268
15,269
15,271
15,272
15,274
15,276
15,277
15,279
15,280
15,282
15,284
15,285
15,287
15,288
15,290
15,292
15,293
15,295
15,296
15,298
15,299
15,301
15,303
15,304
15,306
15,307
15,309
15,311
15,312
15,314
15,315
15,317
15,318
15,320
15,322
15,323
15,325
15,326
15,328
15,330
15,331
15,333
15,334
15,336
15,337
15,339
15,341
15,342
15,344
15,345
15,347
15,349
15,350
15,352
15,353
15,355
15,357
15,358
15,360
15,361
15,363
15,364
15,366
15,368
15,369
15,371
15,372
15,374
15,376
15,377
15,379
15,380
15,382
15,383
15,385
15,387
15,388
15,390
15,391
15,393
15,395
15,396
15,398
15,399
15,401
15,402
15,404
15,406
15,407
15,409
15,410
15,412
15,414
15,415
15,417
15,418
15,420
15,422
15,423
15,425
15,426
15,428
15,429
15,431
15,433
15,434
15,436
15,437
15,439
15,441
15,442
15,444
15,445
15,447
15,448
15,450
15,452
15,453
15,455
15,456
15,458
15,460
15,461
15,463
15,464
15,466
15,467
15,469
15,471
15,472
15,474
15,475
15,477
15,479
15,480
15,482
15,483
15,485
15,486
15,488
15,490
15,491
15,493
15,494
15,496
15,498
15,499
15,501
15,502
15,504
15,506
15,507
15,509
15,510
15,512
15,513
15,515
15,517
15,518
15,520
15,521
15,523
15,525
15,526
15,528
15,529
15,531
15,532
15,534
15,536
15,537
15,539
15,540
15,542
15,544
15,545
15,547
15,548
15,550
15,551
15,553
15,555
15,556
15,558
15,559
15,561
15,563
15,564
15,566
15,567
15,569
15,571
15,572
15,574
15,575
15,577
15,578
15,580
15,582
15,583
15,585
15,586
15,588
15,590
15,591
15,593
15,594
15,596
15,597
15,599
15,601
15,602
15,604
15,605
15,607
15,609
15,610
15,612
15,613
15,615
15,616
15,618
15,620
15,621
15,623
15,624
15,626
15,628
15,629
15,631
15,632
15,634
15,635
15,637
15,639
15,640
15,642
15,643
15,645
15,647
15,648
15,650
15,651
15,653
15,655
15,656
15,658
15,659
15,661
15,662
15,664
15,666
15,667
15,669
15,670
15,672
15,674
15,675
15,677
15,678
15,680
15,681
15,683
15,685
15,686
15,688
15,689
15,691
15,693
15,694
15,696
15,697
15,699
15,700
15,702
15,704
15,705
15,707
15,708
15,710
15,712
15,713
15,715
15,716
15,718
15,720
15,721
15,723
15,724
15,726
15,727
15,729
15,731
15,732
15,734
15,735
15,737
15,739
15,740
15,742
15,743
15,745
15,746
15,748
15,750
15,751
15,753
15,754
15,756
15,758
15,759
15,761
15,762
15,764
15,765
15,767
15,769
15,770
15,772
15,773
15,775
15,777
15,778
15,780
15,781
15,783
15,784
15,786
15,788
15,838
15,840
15,841
15,843
15,845
15,846
15,848
15,849
15,851
15,853
15,854
15,856
15,857
15,859
15,860
15,862
15,864
15,865
15,867
15,868
15,870
15,872
15,873
15,875
15,876
15,878
15,879
15,881
15,883
15,884
15,886
15,896
15,898
15,900
15,901
15,903
15,904
15,906
15,907
15,909
15,911
15,912
15,914
15,915
15,917
15,919
15,920
15,922
15,923
15,925
15,927
15,928
15,930
15,931
15,933
15,934
15,936
15,938
15,939
15,941
15,942
15,944
15,946
15,947
15,949
15,950
15,952
15,953
15,955
15,957
15,958
15,960
15,961
16,10
16,38
16,81
16,83
16,84
16,86
16,87
16,89
16,91
16,92
16,94
16,95
16,97
16,99
16,100
16,102
16,103
16,105
16,107
16,108
16,110
16,111
16,113
16,114
16,116
16,118
16,119
16,121
16,122
16,124
16,126
16,127
16,129
16,130
16,132
16,133
16,135
16,137
16,138
16,140
16,141
16,143
16,145
16,146
16,148
16,149
16,151
16,152
16,154
16,156
16,157
16,159
16,160
16,162
16,165
16,166
16,168
16,169
16,171
16,172
16,174
16,176
16,177
16,179
16,180
16,182
16,184
16,185
16,187
16,188
16,190
16,192
16,193
16,195
16,196
16,198
16,199
16,201
16,203
16,204
16,206
16,207
16,209
16,211
16,212
16,215
16,216
16,218
16,219
16,221
16,223
16,224
16,226
16,227
16,229
16,231
16,232
16,234
16,235
16,237
16,238
16,240
16,242
16,243
16,245
16,246
16,248
16,250
16,256
16,258
16,259
16,261
16,263
16,264
16,266
16,267
16,269
16,270
16,272
16,274
16,276
16,278
16,279
16,281
16,283
16,284
16,286
16,287
16,292
16,293
16,295
16,322
16,323
16,326
16,327
16,329
16,331
16,332
16,334
16,335
16,338
16,339
16,341
16,343
16,344
16,348
17,0
17,2
17,4
17,5
17,7
17,8
17,10
18,0
18,2
18,4
19,0
19,2
19,3
20,0
20,2
20,3
20,5
21,0
21,2
22,0
22,1
22,3
22,4
22,6
22,7
22,9
23,1
23,2
23,4
24,0
24,2
24,4
24,5
25,1
25,2
25,4
42,0
42,2
42,4
42,5
42,7
42,8
44,0
44,2
44,3
46,1
46,2
46,4
47,0
47,2
47,4
47,5
48,1
48,2
48,4
49,1
49,2
49,4
49,5
49,10
50,1
50,2
50,5
51,0
51,2
51,3
51,6
52,1
52,2
52,4
52,5
52,8
53,1
53,2
53,5
53,6
54,1
54,2
55,0
55,2
55,3
55,5
56,0
56,2
57,0
57,1
57,3
57,5
58,1
58,2
58,5
59,0
59,1
59,3
59,4
60,1
60,3
60,5
61,1
61,2
61,5
61,6
62,1
62,3
62,4
63,1
63,2
63,4
63,7
71,0
71,2
71,3
71,5
71,8
73,0
73,2
73,3
73,5
75,0
75,2
75,4
75,5
76,1
76,2
77,0
77,2
77,3
78,0
78,1
78,3
78,5
81,0
81,2
81,3
81,1
78,6
78,2
77,5
77,1
76,3
76,0
75,3
75,1
73,4
73,1
71,7
71,4
71,1
63,6
63,3
63,0
62,2
62,0
61,3
61,0
60,2
60,0
59,2
58,6
58,3
58,0
57,2
56,3
56,1
55,4
55,1
54,3
54,0
53,3
53,0
52,6
52,3
52,0
51,5
51,1
50,3
50,0
49,6
49,3
49,0
48,3
48,0
47,3
47,1
46,3
46,0
44,1
42,9
42,6
42,3
42,1
25,3
25,0
24,3
24,1
23,3
23,0
22,8
22,5
22,2
21,3
21,1
20,4
20,1
19,4
19,1
18,3
18,1
17,9
17,6
17,3
17,1
16,345
16,342
16,340
16,336
16,333
16,330
16,328
16,324
16,321
16,294
16,288
16,285
16,282
16,280
16,277
16,273
16,271
16,268
16,265
16,262
16,260
16,257
16,249
16,247
16,244
16,241
16,239
16,236
16,233
16,230
16,228
16,225
16,222
16,220
16,217
16,214
16,210
16,208
16,205
16,202
16,200
16,197
16,194
16,191
16,189
16,186
16,183
16,181
16,178
16,175
16,173
16,170
16,167
16,164
16,161
16,158
16,155
16,153
16,150
16,147
16,144
16,142
16,139
16,136
16,134
16,131
16,128
16,125
16,123
16,120
16,117
16,115
16,112
16,109
16,106
16,104
16,101
16,98
16,96
16,93
16,90
16,88
16,85
16,82
16,12
15,1026
15,959
15,956
15,954
15,951
15,948
15,945
15,943
15,940
15,937
15,935
15,932
15,929
15,926
15,924
15,921
15,918
15,916
15,913
15,910
15,908
15,905
15,902
15,899
15,897
15,885
15,882
15,880
15,877
15,874
15,871
15,869
15,866
15,863
15,861
15,858
15,855
15,852
15,850
15,847
15,844
15,842
15,839
15,787
15,785
15,782
15,779
15,776
15,774
15,771
15,768
15,766
15,763
15,760
15,757
15,755
15,752
15,749
15,747
15,744
15,741
15,738
15,736
15,733
15,730
15,728
15,725
15,722
15,719
15,717
15,714
15,711
15,709
15,706
15,703
15,701
15,698
15,695
15,692
15,690
15,687
15,684
15,682
15,679
15,676
15,673
15,671
15,668
15,665
15,663
15,660
15,657
15,654
15,652
15,649
15,646
15,644
15,641
15,638
15,636
15,633
15,630
15,627
15,625
15,622
15,619
15,617
15,614
15,611
15,608
15,606
15,603
15,600
15,598
15,595
15,592
15,589
15,587
15,584
15,581
15,579
15,576
15,573
15,570
15,568
15,565
15,562
15,560
15,557
15,554
15,552
15,549
15,546
15,543
15,541
15,538
15,535
15,533
15,530
15,527
15,524
15,522
15,519
15,516
15,514
15,511
15,508
15,505
15,503
15,500
15,497
15,495
15,492
15,489
15,487
15,484
15,481
15,478
15,476
15,473
15,470
15,468
15,465
15,462
15,459
15,457
15,454
15,451
15,449
15,446
15,443
15,440
15,438
15,435
15,432
15,430
15,427
15,424
15,421
15,419
15,416
15,413
15,411
15,408
15,405
15,403
15,400
15,397
15,394
15,392
15,389
15,386
15,384
15,381
15,378
15,375
15,373
15,370
15,367
15,365
15,362
15,359
15,356
15,354
15,351
15,348
15,346
15,343
15,340
15,338
15,335
15,332
15,329
15,327
15,324
15,321
15,319
15,316
15,313
15,310
15,308
15,305
15,302
15,300
15,297
15,294
15,291
15,289
15,286
15,283
15,281
15,278
15,275
15,273
15,270
15,267
15,264
15,262
15,259
15,256
15,254
15,251
15,248
15,245
15,243
15,240
15,237
15,235
15,232
15,229
15,226
15,224
15,221
15,218
15,216
15,213
15,210
15,207
15,205
15,202
15,199
15,197
15,194
15,191
15,189
15,186
15,183
15,180
15,178
15,175
15,172
15,170
15,167
15,164
15,161
15,159
15,156
15,153
15,151
15,148
15,145
15,142
15,140
15,137
15,134
15,132
15,129
15,126
15,124
15,121
15,118
15,115
15,113
15,110
15,107
15,105
15,102
15,99
15,96
15,94
15,91
15,83
15,81
15,78
15,73
15,70
15,68
15,65
15,46
15,40
15,37
15,34
15,31
15,29
15,9
14,172
14,170
14,167
14,146
14,137
14,134
14,131
14,128
14,126
14,123
14,120
14,118
14,115
14,112
14,109
14,90
14,87
14,84
14,66
13,3
13,0
12,7
12,5
12,2
11,5
11,3
11,0
10,2
10,0
9,3
9,0
8,3
8,1
7,4
7,1
6,2
5,6
5,3
5,0
4,2
3,6
3,3
3,1
2,9
2,3
2,0
1,2
1,1
1,0
0,355
0,353
0,9
0,278
0,340
0,277
0,341
0,276
0,416
0,275
0,423
0,274
0,409
0,273
0,424
0,272
0,397
0,271
0,380
0,270
0,328
0,269
0,268
0,325
0,267
0,447
0,266
0,358
0,265
0,344
0,264
0,420
0,263
0,347
0,262
0,367
0,261
0,339
0,260
0,351
0,259
0,258
0,377
0,257
0,374
0,256
0,412
0,255
0,361
0,254
0,253
0,337
0,252
0,390
0,251
0,336
0,250
0,335
0,249
0,248
0,443
0,247
0,343
0,246
0,399
0,245
0,319
0,244
0,333
0,242
0,365
0,241
0,316
0,240
0,421
0,239
0,444
0,238
0,438
0,237
0,437
0,236
0,433
0,235
0,368
0,234
0,357
0,233
0,318
0,232
0,332
0,231
0,230
0,383
0,229
0,315
0,228
0,345
0,227
0,323
0,226
0,407
0,225
0,404
0,224
0,313
0,223
0,309
0,222
0,432
0,221
0,349
0,220
0,428
0,219
0,218
0,217
0,442
0,216
0,441
0,215
0,405
0,214
0,213
0,338
0,212
0,211
0,210
0,398
0,209
0,208
0,410
0,207
0,364
0,206
0,435
0,205
0,348
0,204
0,311
0,203
0,373
0,202
0,306
0,201
0,301
0,200
0,431
0,199
0,382
0,198
0,372
0,197
0,429
0,196
0,370
0,195
0,194
0,439
0,193
0,422
0,192
0,331
0,63
0,379
0,62
0,395
0,61
0,366
0,60
0,406
0,59
0,403
0,58
0,375
0,57
0,371
0,56
0,369
0,55
0,363
0,54
0,330
0,53
0,436
0,52
0,387
0,51
0,415
0,50
0,49
0,446
0,48
0,414
0,47
0,413
0,46
0,334
0,45
0,388
0,6
0,5
0,11
0,4
0,2
0,3
0,7
